500813_Cycle10_532.xys 1 1 460 32 
500813_Cycle10_532.xys_bfr 289 457 317 493
500813_Cycle11_532.xys 1 1 460 32 
500813_Cycle11_532.xys_bfr 161 32 392 48
500813_Cycle12_532.xys 1 1 460 48
500813_Cycle12_532.xys_bfr 289 168 297 184
500813_Cycle1_532.xys 1 1 460 24
500813_Cycle1_532.xys_bfr 169 24 345 40
500813_Cycle2_532.xys 1 1 460 32
500813_Cycle2_532.xys_bfr 409 560 416 568
500813_Cycle3_532.xys 1 1 460 48
500813_Cycle4_532.xys 1 1 460 40
500813_Cycle4_532.xys_bfr 113 40 240 48
500813_Cycle5_532.xys 1 1 460 32
500813_Cycle5_532.xys_bfr 217 32 344 40
500813_Cycle6_532.xys 1 1 460 24
500813_Cycle6_532.xys_bfr 104 24 248 32
500813_Cycle7_532.xys 1 1 460 48
500813_Cycle7_532.xys_bfr 305 48 336 64
500813_Cycle8_532.xys 1 1 460 41
500813_Cycle8_532.xys_bfr 121 41 256 48
500813_Cycle9_532.xys 1 1 460 33
500813_Cycle9_532.xys_bfr 201 33 360 40
500952_Cycle11_532.xys 369 505 377 520
500952_Cycle1_532.xys 425 505 440 520
500952_Cycle8_532.xys 425 1 460 24
500952_Cycle8_532.xys_bfr 305 137 320 160
500970_Cycle1_532.xys 369 1 400 48
500970_Cycle1_532.xys_bfr 441 329 449 344
500970_Cycle3_532.xys 305 553 320 560
500970_Cycle4_532.xys 297 248 328 280
500982_Cycle12_532.xys 433 273 448 280
500982_Cycle6_532.xys 424 288 456 336
501081_Cycle3_532.xys 305 616 312 632
501081_Cycle9_532.xys 297 528 425 635
501081_Cycle9_532.xys_bfr 329 441 400 528
501192_Cycle10_532.xys 153 17 161 33
501192_Cycle12_532.xys 104 361 120 376
501192_Cycle12_532.xys_bfr 25 585 33 625
501192_Cycle4_532.xys 313 529 336 554
501192_Cycle6_532.xys 432 297 460 336
501192_Cycle8_532.xys 297 65 312 80
501192_Cycle8_532.xys_bfr 329 233 336 249
509185_Cycle1_532.xys 330 441 344 464
509185_Cycle1_532.xys_bfr 313 513 329 528
509185_Cycle1_532.xys_bfr_bfr 377 529 400 560
509185_Cycle1_532.xys_bfr_bfr_bfr 305 545 337 569
509185_Cycle2_532.xys 146 457 153 473
509185_Cycle2_532.xys_bfr 112 575 140 596
509185_Cycle4_532.xys 199 21 213 35
509192_Cycle12_532.xys 153 1 193 329
509192_Cycle12_532.xys_bfr 321 313 353 345
509192_Cycle2_532.xys 313 89 353 128
509192_Cycle3_532.xys 1 274 49 352
509192_Cycle5_532.xys 144 514 209 593
509192_Cycle7_532.xys 49 272 185 384
509192_Cycle7_532.xys_bfr 1 305 40 343
509192_Cycle8_532.xys 313 1 360 56
509192_Cycle8_532.xys_bfr 162 129 192 488
509192_Cycle8_532.xys_bfr_bfr 322 529 535 560
509192_Cycle9_532.xys 57 96 120 168
509195_Cycle12_532.xys 28 611 57 635
509195_Cycle12_532.xys_bfr 71 602 88 635
509195_Cycle2_532.xys 49 617 65 635
509195_Cycle6_532.xys 81 393 97 409
509196_Cycle2_532.xys 188 73 207 135
509196_Cycle2_532.xys_bfr 200 1 209 72
